1,1,104.86,121.72,29.58,77.93,0.9661,-1,-1,-1
1,2,40.49,147.42,39.11,102.88,0.9900,-1,-1,-1
1,3,579.45,149.03,38.67,102.63,0.9900,-1,-1,-1
1,4,302.90,165.12,49.53,129.46,0.9736,-1,-1,-1
2,1,105.56,118.72,30.67,80.69,0.9900,-1,-1,-1
2,2,40.78,142.03,40.40,106.26,0.9900,-1,-1,-1
2,3,576.88,151.17,38.76,102.79,0.9481,-1,-1,-1
2,4,306.94,174.27,47.96,125.16,0.9900,-1,-1,-1
3,1,105.53,118.84,29.86,78.43,0.9694,-1,-1,-1
3,2,46.37,147.48,37.70,98.80,0.9777,-1,-1,-1
3,3,572.38,148.47,37.68,100.08,0.9900,-1,-1,-1
3,4,307.03,164.80,53.54,140.26,0.9429,-1,-1,-1
4,1,104.04,120.42,31.14,81.92,0.9660,-1,-1,-1
4,2,53.81,151.76,35.32,92.16,0.9900,-1,-1,-1
4,3,569.84,149.13,35.74,94.26,0.9900,-1,-1,-1
4,4,315.01,172.95,48.29,125.70,0.9618,-1,-1,-1
5,1,103.31,122.64,31.96,84.13,0.9900,-1,-1,-1
5,2,58.98,148.24,37.05,96.75,0.8967,-1,-1,-1
5,3,564.31,143.24,41.30,109.20,0.9900,-1,-1,-1
5,4,318.26,168.34,49.23,128.95,0.9493,-1,-1,-1
6,1,102.98,119.82,32.39,85.87,0.9900,-1,-1,-1
6,3,558.70,143.59,42.48,112.60,0.9900,-1,-1,-1
6,4,320.94,165.24,51.90,136.10,0.9481,-1,-1,-1
7,1,104.96,122.22,30.96,81.85,0.9900,-1,-1,-1
7,2,63.07,146.23,39.66,103.21,0.9900,-1,-1,-1
7,4,322.69,169.39,49.60,129.69,0.9690,-1,-1,-1
8,1,103.51,123.38,31.67,84.42,0.9900,-1,-1,-1
8,2,67.94,147.06,38.22,99.15,0.9900,-1,-1,-1
8,3,550.35,144.89,41.36,109.49,0.9900,-1,-1,-1
8,4,325.34,169.28,48.90,127.43,0.9900,-1,-1,-1
9,1,104.02,125.96,29.77,78.33,0.9375,-1,-1,-1
9,2,71.68,143.85,39.73,103.34,0.9729,-1,-1,-1
9,3,549.05,149.45,39.01,102.55,0.9900,-1,-1,-1
9,4,328.68,174.34,47.51,123.46,0.9900,-1,-1,-1
10,1,105.28,129.02,30.22,77.78,0.8410,-1,-1,-1
10,2,74.60,140.57,42.56,111.62,0.9607,-1,-1,-1
10,3,543.53,147.09,39.60,103.59,0.9900,-1,-1,-1
10,4,331.98,172.16,50.87,132.55,0.9900,-1,-1,-1
11,1,104.61,126.03,32.56,83.64,0.9144,-1,-1,-1
11,2,77.70,145.69,42.59,112.20,0.9900,-1,-1,-1
11,3,540.64,148.65,38.23,99.66,0.9900,-1,-1,-1
11,4,334.77,166.36,50.50,132.59,0.9878,-1,-1,-1
12,1,103.30,125.77,34.36,88.60,0.7413,-1,-1,-1
12,2,83.43,148.03,40.43,104.57,0.9900,-1,-1,-1
12,3,535.58,146.65,37.79,97.98,0.9005,-1,-1,-1
12,4,337.95,172.38,50.42,133.24,0.9612,-1,-1,-1
13,1,103.51,127.60,34.49,89.12,0.6763,-1,-1,-1
13,2,86.20,146.61,41.90,108.55,0.9592,-1,-1,-1
13,3,529.46,147.58,39.00,101.45,0.9309,-1,-1,-1
13,4,339.23,169.74,53.04,140.39,0.9627,-1,-1,-1
14,1,103.72,125.40,34.68,89.91,0.6505,-1,-1,-1
14,2,90.55,143.22,41.76,108.48,0.9900,-1,-1,-1
14,3,527.03,150.34,37.73,96.96,0.9862,-1,-1,-1
14,4,342.63,171.23,50.52,133.82,0.9900,-1,-1,-1
15,2,94.28,144.86,40.98,106.61,0.9900,-1,-1,-1
15,3,522.08,149.32,39.27,100.80,0.9900,-1,-1,-1
15,4,346.35,165.79,49.74,133.05,0.9471,-1,-1,-1
16,1,109.20,126.05,19.80,43.49,0.5894,-1,-1,-1
16,2,101.36,150.87,38.06,97.70,0.9900,-1,-1,-1
16,3,514.91,146.01,41.74,107.49,0.9889,-1,-1,-1
16,4,349.53,168.41,50.11,134.45,0.9900,-1,-1,-1
17,1,102.01,127.36,37.39,84.38,0.6597,-1,-1,-1
17,2,105.07,147.79,40.53,104.93,0.9900,-1,-1,-1
17,3,511.03,147.10,41.97,108.85,0.9858,-1,-1,-1
17,4,352.03,167.11,51.07,137.60,0.9900,-1,-1,-1
18,1,101.73,127.63,39.11,88.91,0.6750,-1,-1,-1
18,2,107.66,147.79,41.43,107.54,0.9788,-1,-1,-1
18,3,508.37,145.76,41.23,106.78,0.9900,-1,-1,-1
18,4,356.36,170.80,49.13,132.98,0.9900,-1,-1,-1
19,1,98.94,123.84,41.06,96.41,0.6334,-1,-1,-1
19,2,113.10,150.58,38.63,99.51,0.9597,-1,-1,-1
19,3,504.00,139.77,41.31,107.36,0.9897,-1,-1,-1
19,4,359.72,168.47,49.67,132.65,0.9900,-1,-1,-1
20,1,99.53,123.80,40.94,97.25,0.8073,-1,-1,-1
20,2,114.26,144.60,40.13,104.71,0.9900,-1,-1,-1
20,3,501.70,138.52,41.21,108.01,0.9900,-1,-1,-1
20,4,359.54,163.90,49.96,133.93,0.9619,-1,-1,-1
21,1,99.55,127.98,39.96,95.66,0.8272,-1,-1,-1
21,2,118.96,144.52,41.81,110.00,0.9900,-1,-1,-1
21,3,495.52,144.42,41.12,107.45,0.9900,-1,-1,-1
21,4,363.57,169.10,51.96,139.49,0.9900,-1,-1,-1
22,1,101.27,132.36,37.88,90.25,0.8807,-1,-1,-1
22,2,124.78,150.33,38.80,101.62,0.9900,-1,-1,-1
22,3,491.25,142.08,43.17,113.81,0.9900,-1,-1,-1
22,4,368.05,166.25,51.68,139.25,0.9504,-1,-1,-1
23,1,100.68,134.81,37.69,90.79,0.9404,-1,-1,-1
23,2,127.73,148.27,39.73,103.63,0.9900,-1,-1,-1
23,3,487.72,144.31,40.28,106.87,0.9900,-1,-1,-1
23,4,372.83,167.62,48.88,131.22,0.9493,-1,-1,-1
24,1,100.46,131.39,39.25,95.71,0.9727,-1,-1,-1
24,2,131.30,146.35,40.11,105.24,0.9533,-1,-1,-1
24,3,483.13,143.95,40.84,107.57,0.9127,-1,-1,-1
24,4,373.55,163.76,50.11,137.02,0.9900,-1,-1,-1
25,1,100.91,131.92,38.57,93.69,0.9660,-1,-1,-1
25,2,135.80,147.60,39.05,101.29,0.9900,-1,-1,-1
25,3,478.47,143.87,39.45,102.89,0.9773,-1,-1,-1
25,4,377.09,167.17,48.72,131.75,0.9768,-1,-1,-1
26,1,100.93,131.27,38.84,95.98,0.9900,-1,-1,-1
26,2,138.39,145.94,40.99,106.02,0.9478,-1,-1,-1
26,3,473.40,145.54,41.42,108.82,0.9785,-1,-1,-1
26,4,381.55,168.57,48.77,131.91,0.8864,-1,-1,-1
27,1,101.29,135.49,37.38,92.58,0.9523,-1,-1,-1
27,2,142.15,143.74,42.10,109.59,0.9900,-1,-1,-1
27,3,471.25,146.46,39.83,104.34,0.9900,-1,-1,-1
27,4,381.70,169.82,46.44,126.04,0.8840,-1,-1,-1
28,1,101.15,132.24,37.90,94.21,0.9434,-1,-1,-1
28,2,146.19,145.11,43.11,112.53,0.9822,-1,-1,-1
28,3,465.99,144.15,41.13,108.50,0.9653,-1,-1,-1
28,4,381.23,164.43,47.38,132.63,0.8929,-1,-1,-1
29,1,101.35,132.65,38.51,95.39,0.9694,-1,-1,-1
29,2,152.40,147.55,40.48,105.06,0.9489,-1,-1,-1
29,3,462.92,142.84,40.32,106.16,0.9254,-1,-1,-1
29,4,384.06,166.38,44.43,128.79,0.8098,-1,-1,-1
30,1,100.80,131.31,39.44,97.92,0.9883,-1,-1,-1
30,2,155.38,150.76,39.77,103.22,0.9900,-1,-1,-1
30,3,461.71,136.29,42.14,114.55,0.9274,-1,-1,-1
30,4,384.43,166.66,44.43,133.17,0.8104,-1,-1,-1
31,1,100.12,134.85,38.05,94.80,0.9900,-1,-1,-1
31,2,160.27,150.19,38.01,97.63,0.9900,-1,-1,-1
31,3,462.26,140.29,38.30,107.74,0.7998,-1,-1,-1
31,4,387.85,173.53,39.86,123.55,0.6972,-1,-1,-1
32,1,99.25,136.25,38.46,96.95,0.9900,-1,-1,-1
32,2,162.68,144.50,40.47,103.60,0.9900,-1,-1,-1
32,3,460.28,144.00,36.45,106.70,0.8171,-1,-1,-1
33,1,101.07,134.13,38.67,98.02,0.9900,-1,-1,-1
33,2,166.85,144.17,41.94,107.57,0.9646,-1,-1,-1
34,1,99.22,133.38,39.57,101.71,0.9394,-1,-1,-1
34,2,170.89,148.58,40.56,104.25,0.9900,-1,-1,-1
34,4,393.58,176.22,36.28,119.74,0.5947,-1,-1,-1
35,1,100.32,133.91,40.27,104.45,0.9900,-1,-1,-1
35,2,173.91,148.56,42.19,108.94,0.9900,-1,-1,-1
35,4,396.67,179.72,34.35,121.98,0.5420,-1,-1,-1
36,1,99.28,137.96,39.65,102.35,0.9429,-1,-1,-1
36,2,179.44,151.53,39.03,100.60,0.9621,-1,-1,-1
37,1,101.26,136.43,38.94,100.84,0.9504,-1,-1,-1
37,2,181.99,147.55,41.82,108.63,0.9900,-1,-1,-1
38,1,99.48,136.10,39.64,101.79,0.9647,-1,-1,-1
38,2,185.49,145.86,41.49,108.56,0.9524,-1,-1,-1
39,1,99.88,138.06,39.57,101.86,0.9900,-1,-1,-1
39,2,190.52,145.85,39.54,103.06,0.9900,-1,-1,-1
40,1,100.08,138.47,39.53,101.89,0.9900,-1,-1,-1
40,2,195.33,148.42,40.92,106.00,0.9494,-1,-1,-1
41,1,100.58,139.15,39.09,99.76,0.9900,-1,-1,-1
41,2,199.65,145.70,41.37,107.06,0.9900,-1,-1,-1
42,1,99.47,141.32,39.21,100.45,0.9900,-1,-1,-1
42,2,202.88,148.25,41.57,107.56,0.9835,-1,-1,-1
42,3,400.77,151.80,27.86,91.20,0.5266,-1,-1,-1
43,1,99.73,140.16,38.89,99.92,0.9900,-1,-1,-1
43,2,207.22,151.84,40.89,105.96,0.9900,-1,-1,-1
43,3,397.69,148.50,28.79,101.02,0.7594,-1,-1,-1
44,1,99.97,139.93,38.60,98.47,0.9405,-1,-1,-1
44,2,212.39,146.46,42.12,109.46,0.9801,-1,-1,-1
44,3,394.19,145.45,28.76,104.11,0.7015,-1,-1,-1
44,4,460.22,185.20,29.56,116.22,0.6115,-1,-1,-1
45,1,100.00,142.50,39.66,100.73,0.9900,-1,-1,-1
45,2,215.50,145.11,42.26,109.38,0.9567,-1,-1,-1
45,3,392.56,148.27,28.13,103.80,0.8267,-1,-1,-1
45,4,463.26,178.89,29.81,126.24,0.5664,-1,-1,-1
46,1,99.88,143.94,40.14,102.83,0.9493,-1,-1,-1
46,2,220.47,143.29,40.64,105.23,0.9900,-1,-1,-1
46,3,390.77,148.12,27.11,99.16,0.9192,-1,-1,-1
46,4,466.36,173.11,29.78,132.36,0.6815,-1,-1,-1
47,1,101.90,144.88,40.20,102.40,0.9900,-1,-1,-1
47,2,225.84,147.67,39.19,100.32,0.9900,-1,-1,-1
47,3,389.39,142.76,29.34,101.50,0.9900,-1,-1,-1
47,4,469.57,171.45,26.17,118.53,0.7743,-1,-1,-1
48,1,99.15,138.64,43.14,110.87,0.9900,-1,-1,-1
48,2,228.81,145.88,40.67,104.68,0.9795,-1,-1,-1
48,3,387.07,146.82,30.54,101.42,0.9819,-1,-1,-1
48,4,469.61,164.71,27.89,129.37,0.7520,-1,-1,-1
49,1,99.60,142.59,42.07,109.82,0.9900,-1,-1,-1
49,2,233.62,150.74,39.43,100.80,0.9900,-1,-1,-1
49,3,381.47,144.31,32.97,106.53,0.9724,-1,-1,-1
49,4,472.67,174.96,26.80,122.06,0.8026,-1,-1,-1
50,1,99.32,142.34,40.06,103.42,0.9873,-1,-1,-1
50,2,236.87,147.60,40.39,104.11,0.9783,-1,-1,-1
50,3,377.76,142.23,33.44,105.85,0.9900,-1,-1,-1
50,4,473.35,174.85,27.54,122.31,0.8407,-1,-1,-1
51,1,100.04,146.84,38.63,98.95,0.9446,-1,-1,-1
51,2,239.52,143.65,42.21,109.83,0.8990,-1,-1,-1
51,3,373.10,144.09,33.92,104.20,0.9900,-1,-1,-1
51,4,471.49,165.78,31.00,137.63,0.8009,-1,-1,-1
52,1,101.00,146.28,39.87,101.67,0.9489,-1,-1,-1
52,2,242.69,145.42,41.81,108.12,0.9545,-1,-1,-1
52,3,367.99,139.94,34.23,103.60,0.9900,-1,-1,-1
52,4,468.63,171.11,32.35,131.00,0.9139,-1,-1,-1
53,1,101.33,148.84,39.06,99.07,0.9900,-1,-1,-1
53,2,245.76,142.44,43.24,112.42,0.9721,-1,-1,-1
53,4,470.73,164.07,34.74,131.01,0.9292,-1,-1,-1
54,1,101.60,150.44,39.58,100.05,0.9240,-1,-1,-1
54,2,249.38,142.28,44.18,116.61,0.9804,-1,-1,-1
54,3,360.87,142.92,33.33,98.19,0.8949,-1,-1,-1
54,4,472.12,169.91,35.19,126.48,0.9628,-1,-1,-1
55,1,100.14,150.60,40.62,103.15,0.9582,-1,-1,-1
55,2,254.91,140.63,43.61,115.92,0.9900,-1,-1,-1
55,3,355.67,144.37,36.07,103.40,0.9441,-1,-1,-1
56,1,98.13,147.42,43.35,110.36,0.9900,-1,-1,-1
56,2,259.53,145.87,41.65,109.91,0.9764,-1,-1,-1
56,3,350.51,142.71,36.22,104.38,0.9900,-1,-1,-1
56,4,474.43,170.31,38.49,134.40,0.9900,-1,-1,-1
57,1,98.50,150.34,41.87,106.28,0.9774,-1,-1,-1
57,2,263.59,146.16,41.55,108.82,0.9900,-1,-1,-1
57,3,347.16,142.99,35.81,102.23,0.9549,-1,-1,-1
57,4,477.79,170.52,39.60,132.62,0.9900,-1,-1,-1
58,1,98.75,153.15,41.34,103.64,0.9900,-1,-1,-1
58,2,267.07,147.66,40.90,107.66,0.9820,-1,-1,-1
58,3,341.61,144.36,35.95,101.87,0.9900,-1,-1,-1
58,4,482.98,171.29,40.49,132.82,0.9495,-1,-1,-1
59,1,97.05,145.61,41.44,103.99,0.9693,-1,-1,-1
59,2,272.14,154.04,39.83,103.91,0.9900,-1,-1,-1
59,3,337.77,143.58,36.84,102.89,0.9900,-1,-1,-1
59,4,483.55,167.38,40.88,132.23,0.9698,-1,-1,-1
60,1,97.02,145.85,43.28,109.45,0.9795,-1,-1,-1
60,2,275.55,149.21,40.71,106.54,0.9814,-1,-1,-1
60,3,335.16,145.80,35.66,98.35,0.9716,-1,-1,-1
60,4,483.90,166.76,43.20,136.84,0.9713,-1,-1,-1
61,1,98.07,147.86,44.06,113.56,0.9774,-1,-1,-1
61,2,280.28,147.69,38.46,99.90,0.9900,-1,-1,-1
61,3,330.22,145.14,36.67,101.05,0.9819,-1,-1,-1
61,4,487.15,165.31,43.05,135.19,0.9900,-1,-1,-1
62,1,98.59,150.97,43.26,111.70,0.9806,-1,-1,-1
62,2,283.51,146.21,40.70,107.40,0.9854,-1,-1,-1
62,3,325.21,143.69,37.58,102.33,0.9889,-1,-1,-1
62,4,490.52,169.04,43.30,133.87,0.9900,-1,-1,-1
63,1,98.18,153.20,43.25,111.79,0.9900,-1,-1,-1
63,2,288.01,150.68,38.51,100.39,0.9115,-1,-1,-1
63,3,319.72,145.38,38.34,103.99,0.8879,-1,-1,-1
63,4,492.93,171.80,43.73,132.13,0.9900,-1,-1,-1
64,1,99.98,153.47,42.17,107.84,0.9586,-1,-1,-1
64,2,291.30,151.39,40.43,104.92,0.9611,-1,-1,-1
64,4,497.47,170.85,44.70,133.43,0.9531,-1,-1,-1
65,1,99.39,158.70,41.91,107.52,0.9900,-1,-1,-1
65,2,295.06,152.87,39.78,102.37,0.9534,-1,-1,-1
65,3,317.00,140.57,38.19,106.55,0.6537,-1,-1,-1
65,4,501.30,167.43,44.31,129.33,0.9748,-1,-1,-1
66,1,98.22,154.69,41.79,107.58,0.9900,-1,-1,-1
66,2,300.11,147.51,41.51,106.74,0.9456,-1,-1,-1
66,3,310.53,142.98,38.50,106.35,0.5660,-1,-1,-1
66,4,503.02,170.17,43.16,124.28,0.9900,-1,-1,-1
67,1,97.89,152.93,44.60,115.10,0.9900,-1,-1,-1
67,2,303.53,151.65,40.63,103.92,0.9900,-1,-1,-1
67,4,506.62,173.63,43.29,122.63,0.9690,-1,-1,-1
68,1,96.81,150.93,45.87,119.09,0.9768,-1,-1,-1
68,2,306.94,156.98,40.54,102.92,0.9900,-1,-1,-1
68,3,300.18,138.73,39.93,109.90,0.6369,-1,-1,-1
68,4,508.93,167.51,45.23,127.97,0.9900,-1,-1,-1
69,1,97.73,152.53,43.29,112.82,0.9602,-1,-1,-1
69,2,309.61,147.42,45.58,117.45,0.9900,-1,-1,-1
69,3,293.18,137.01,38.96,109.76,0.7418,-1,-1,-1
69,4,513.08,172.92,43.33,119.29,0.9900,-1,-1,-1
70,1,99.70,158.18,42.14,110.03,0.9900,-1,-1,-1
70,2,314.24,144.62,45.53,117.82,0.9900,-1,-1,-1
70,3,289.61,139.56,39.43,111.84,0.9215,-1,-1,-1
70,4,515.80,171.25,44.68,121.33,0.9900,-1,-1,-1
71,1,99.18,156.78,42.86,112.18,0.9778,-1,-1,-1
71,2,318.32,145.23,44.98,117.35,0.9802,-1,-1,-1
71,3,285.54,138.83,39.48,112.54,0.9900,-1,-1,-1
71,4,516.38,168.52,47.06,127.44,0.9900,-1,-1,-1
72,1,96.14,157.95,44.49,116.45,0.9381,-1,-1,-1
72,2,320.03,141.05,45.81,121.13,0.9900,-1,-1,-1
72,3,280.91,138.47,38.81,112.35,0.9900,-1,-1,-1
72,4,517.22,162.42,50.98,138.68,0.9900,-1,-1,-1
73,1,97.43,158.42,42.80,110.71,0.9900,-1,-1,-1
73,2,326.66,144.99,41.64,109.03,0.9900,-1,-1,-1
73,3,278.29,142.02,36.93,107.01,0.9900,-1,-1,-1
73,4,519.61,166.19,48.90,132.41,0.9900,-1,-1,-1
74,1,99.02,158.18,44.81,115.55,0.9900,-1,-1,-1
74,2,330.06,144.45,42.93,113.68,0.9900,-1,-1,-1
74,3,274.60,143.12,36.33,102.96,0.9900,-1,-1,-1
74,4,524.07,169.10,50.11,135.32,0.9764,-1,-1,-1
75,1,100.15,162.79,42.57,109.74,0.9760,-1,-1,-1
75,2,335.07,146.21,42.90,114.23,0.9900,-1,-1,-1
75,3,272.11,143.80,34.65,97.00,0.9900,-1,-1,-1
75,4,529.04,174.91,46.57,124.55,0.9585,-1,-1,-1
76,1,100.09,157.99,44.71,115.25,0.9900,-1,-1,-1
76,2,340.48,151.22,39.26,103.65,0.9178,-1,-1,-1
76,3,267.98,145.14,34.47,95.31,0.9571,-1,-1,-1
76,4,532.24,175.64,45.69,120.80,0.9840,-1,-1,-1
77,1,98.04,159.98,44.62,113.86,0.9673,-1,-1,-1
77,2,342.99,152.39,40.02,105.28,0.9900,-1,-1,-1
77,3,262.89,141.40,35.14,95.96,0.9734,-1,-1,-1
77,4,533.23,171.64,48.46,128.03,0.9900,-1,-1,-1
78,1,98.02,162.22,43.93,112.72,0.9844,-1,-1,-1
78,2,348.01,151.44,39.50,102.71,0.9900,-1,-1,-1
78,3,257.75,144.76,37.10,100.84,0.9900,-1,-1,-1
78,4,537.86,173.59,47.19,124.66,0.9334,-1,-1,-1
79,1,98.32,156.36,45.50,116.47,0.9900,-1,-1,-1
79,2,350.09,145.51,42.44,111.83,0.9900,-1,-1,-1
79,3,253.28,141.41,38.11,103.30,0.9900,-1,-1,-1
79,4,541.26,170.16,48.63,128.09,0.9784,-1,-1,-1
80,2,354.30,145.71,42.52,111.00,0.9307,-1,-1,-1
80,3,250.07,143.47,35.71,96.02,0.9831,-1,-1,-1
80,4,541.03,164.13,51.00,134.76,0.9900,-1,-1,-1
81,1,95.27,156.01,49.71,129.24,0.9829,-1,-1,-1
81,2,357.54,146.00,43.77,114.05,0.9900,-1,-1,-1
81,3,245.07,142.24,38.39,102.50,0.9900,-1,-1,-1
81,4,544.19,169.11,48.48,127.25,0.9273,-1,-1,-1
82,1,97.44,160.40,47.60,124.29,0.9900,-1,-1,-1
82,2,362.80,146.89,41.80,108.45,0.9641,-1,-1,-1
82,4,545.80,160.91,51.76,136.69,0.9821,-1,-1,-1
83,1,98.15,167.02,45.83,118.09,0.9613,-1,-1,-1
83,2,366.37,147.83,41.69,108.64,0.9900,-1,-1,-1
83,3,236.78,138.58,38.69,103.72,0.9900,-1,-1,-1
83,4,549.00,166.43,49.47,130.25,0.9813,-1,-1,-1
84,1,96.28,164.86,47.08,120.84,0.9776,-1,-1,-1
84,2,370.54,145.25,43.93,115.21,0.9900,-1,-1,-1
84,3,230.38,140.88,39.26,105.81,0.9247,-1,-1,-1
84,4,552.07,161.07,53.15,141.19,0.9900,-1,-1,-1
85,1,95.84,168.24,45.18,115.38,0.9846,-1,-1,-1
85,2,375.27,147.85,41.14,107.80,0.9900,-1,-1,-1
85,3,226.96,140.38,38.51,103.10,0.9900,-1,-1,-1
85,4,557.03,165.86,50.94,134.40,0.9900,-1,-1,-1
86,1,97.42,169.07,44.45,111.87,0.9900,-1,-1,-1
86,2,379.27,148.40,39.95,104.67,0.9900,-1,-1,-1
86,3,223.52,141.80,39.53,105.50,0.9900,-1,-1,-1
86,4,560.22,168.11,49.62,130.41,0.9900,-1,-1,-1
87,1,96.64,165.78,46.91,117.72,0.9900,-1,-1,-1
87,2,383.61,144.16,41.65,109.43,0.9900,-1,-1,-1
87,3,220.15,148.69,36.42,95.83,0.9900,-1,-1,-1
87,4,564.70,171.63,48.56,126.83,0.9900,-1,-1,-1
88,1,96.51,163.90,47.51,120.02,0.9900,-1,-1,-1
88,2,387.37,144.39,44.38,117.13,0.9003,-1,-1,-1
88,3,214.15,140.39,40.03,106.25,0.9900,-1,-1,-1
88,4,567.78,175.70,51.19,134.45,0.9900,-1,-1,-1
89,1,97.27,165.73,47.41,119.24,0.9900,-1,-1,-1
89,2,387.87,151.15,41.47,112.38,0.9063,-1,-1,-1
89,3,210.04,142.42,39.31,103.78,0.9900,-1,-1,-1
89,4,570.85,170.65,51.14,135.10,0.9900,-1,-1,-1
90,1,95.33,164.18,47.84,120.85,0.9900,-1,-1,-1
90,2,390.11,155.53,38.33,107.53,0.8187,-1,-1,-1
90,3,207.63,140.40,38.88,102.87,0.9757,-1,-1,-1
90,4,572.82,165.45,51.41,136.61,0.9900,-1,-1,-1
91,1,96.71,165.93,47.94,120.50,0.9900,-1,-1,-1
91,2,391.51,152.22,37.53,109.48,0.7764,-1,-1,-1
91,3,201.63,134.27,40.20,106.62,0.9900,-1,-1,-1
91,4,575.56,170.86,50.39,133.52,0.9728,-1,-1,-1
92,1,96.33,167.95,47.84,118.95,0.9900,-1,-1,-1
92,2,394.56,153.49,35.44,108.88,0.7484,-1,-1,-1
92,3,198.47,138.92,40.11,107.37,0.9254,-1,-1,-1
92,4,578.84,169.51,50.05,133.49,0.9900,-1,-1,-1
93,1,95.46,169.42,49.31,123.74,0.9459,-1,-1,-1
93,2,398.21,156.00,32.30,105.43,0.6266,-1,-1,-1
93,3,194.35,140.94,37.36,99.23,0.9900,-1,-1,-1
93,4,580.21,167.62,50.42,134.97,0.9605,-1,-1,-1
94,1,96.11,169.70,49.02,123.11,0.9900,-1,-1,-1
94,3,189.99,135.60,40.37,107.69,0.9900,-1,-1,-1
94,4,585.14,165.73,48.10,126.29,0.9900,-1,-1,-1
95,1,94.51,167.00,50.62,127.89,0.9881,-1,-1,-1
95,3,185.61,141.48,38.19,99.85,0.9900,-1,-1,-1
95,4,586.04,171.69,49.62,130.00,0.9900,-1,-1,-1
96,1,95.56,166.40,51.05,130.24,0.9811,-1,-1,-1
96,3,181.19,140.10,38.82,102.83,0.8954,-1,-1,-1
96,4,589.52,169.99,49.97,132.72,0.9847,-1,-1,-1
97,1,94.47,169.77,49.66,127.26,0.9592,-1,-1,-1
97,3,177.06,138.53,40.32,107.64,0.9291,-1,-1,-1
97,4,591.27,171.62,49.31,131.31,0.9900,-1,-1,-1
98,1,94.20,167.44,49.80,126.78,0.9900,-1,-1,-1
98,3,173.81,140.99,38.43,103.32,0.9746,-1,-1,-1
98,4,594.69,172.97,47.18,126.94,0.9480,-1,-1,-1
99,1,94.70,176.09,49.16,125.02,0.9900,-1,-1,-1
99,3,170.62,142.93,35.71,95.46,0.9829,-1,-1,-1
99,4,596.00,165.51,47.12,128.82,0.9489,-1,-1,-1
100,1,95.72,173.52,48.76,123.57,0.9900,-1,-1,-1
100,3,165.54,141.34,36.75,98.29,0.9900,-1,-1,-1
100,4,598.72,175.45,44.32,122.85,0.9166,-1,-1,-1
101,1,95.39,173.39,50.37,127.53,0.9771,-1,-1,-1
101,3,161.11,141.51,36.71,97.32,0.9900,-1,-1,-1
101,4,600.15,169.92,44.68,127.22,0.9006,-1,-1,-1
102,1,94.59,170.38,51.56,132.46,0.9609,-1,-1,-1
102,3,155.47,137.82,40.41,106.65,0.9900,-1,-1,-1
102,4,602.25,170.35,42.87,125.31,0.8135,-1,-1,-1
103,1,94.42,175.20,51.49,132.23,0.9900,-1,-1,-1
103,3,150.78,138.49,40.68,107.49,0.9370,-1,-1,-1
103,4,604.82,173.15,41.15,124.40,0.7726,-1,-1,-1
104,1,95.57,176.40,49.66,125.72,0.9900,-1,-1,-1
104,3,146.29,140.42,39.89,105.58,0.9534,-1,-1,-1
105,1,94.99,171.59,49.82,125.95,0.9900,-1,-1,-1
105,3,142.88,135.76,39.94,105.85,0.9900,-1,-1,-1
106,1,94.70,171.43,52.17,131.89,0.9738,-1,-1,-1
106,3,139.29,135.64,39.84,106.44,0.9900,-1,-1,-1
106,4,609.46,167.83,40.36,130.08,0.7356,-1,-1,-1
107,1,96.03,173.71,49.28,123.80,0.9535,-1,-1,-1
107,3,135.54,141.00,37.74,100.40,0.9567,-1,-1,-1
107,4,612.83,172.92,36.86,127.12,0.6337,-1,-1,-1
108,1,94.25,176.75,52.56,131.55,0.9828,-1,-1,-1
108,3,130.58,140.93,38.76,103.68,0.8730,-1,-1,-1
109,1,95.18,179.75,51.62,127.32,0.9900,-1,-1,-1
109,3,127.01,136.34,39.96,106.65,0.8750,-1,-1,-1
109,4,617.58,178.66,33.05,124.19,0.5009,-1,-1,-1
110,1,92.63,176.51,52.99,131.62,0.9395,-1,-1,-1
110,3,124.42,137.11,38.27,101.84,0.8618,-1,-1,-1
111,1,93.32,178.96,52.64,132.31,0.9855,-1,-1,-1
111,2,479.98,155.45,33.93,108.85,0.9900,-1,-1,-1
111,3,118.17,139.02,39.94,106.63,0.7975,-1,-1,-1
112,1,95.04,178.00,51.24,129.98,0.9900,-1,-1,-1
112,2,483.92,150.89,36.52,106.45,0.9763,-1,-1,-1
112,3,113.31,137.87,39.61,105.63,0.7063,-1,-1,-1
113,1,93.68,175.62,53.44,136.41,0.9900,-1,-1,-1
113,2,490.17,150.67,36.88,103.22,0.9900,-1,-1,-1
113,3,114.78,137.93,29.27,71.88,0.6741,-1,-1,-1
114,1,92.12,172.57,56.69,147.12,0.9900,-1,-1,-1
114,2,494.18,151.20,37.46,105.99,0.9535,-1,-1,-1
115,1,91.65,177.29,55.45,144.83,0.9900,-1,-1,-1
115,2,498.85,149.80,38.39,105.96,0.9900,-1,-1,-1
115,3,110.86,138.69,23.09,52.22,0.7299,-1,-1,-1
116,1,92.71,173.44,54.70,143.17,0.9900,-1,-1,-1
116,2,501.89,152.67,37.78,102.11,0.9816,-1,-1,-1
116,3,104.27,138.23,23.62,49.73,0.7045,-1,-1,-1
117,1,94.33,176.61,53.27,139.22,0.9049,-1,-1,-1
117,2,505.62,149.68,40.19,108.34,0.9900,-1,-1,-1
118,1,93.49,173.06,53.86,141.91,0.9900,-1,-1,-1
118,2,509.17,151.36,39.48,105.93,0.9213,-1,-1,-1
119,1,94.08,182.61,50.29,132.25,0.9900,-1,-1,-1
119,2,512.23,152.27,41.55,112.44,0.9900,-1,-1,-1
120,1,92.07,177.38,54.54,145.14,0.9415,-1,-1,-1
120,2,515.67,150.31,42.47,113.73,0.9482,-1,-1,-1
120,5,82.23,140.30,38.61,103.63,0.7674,-1,-1,-1
121,1,90.76,180.16,54.42,144.50,0.9900,-1,-1,-1
121,2,518.70,149.23,42.29,111.74,0.9638,-1,-1,-1
121,5,76.60,133.73,41.60,111.98,0.8685,-1,-1,-1
122,1,92.07,178.44,56.01,149.05,0.9900,-1,-1,-1
122,2,521.61,153.11,42.03,111.49,0.9900,-1,-1,-1
122,5,74.53,132.75,39.17,105.53,0.8905,-1,-1,-1
123,1,93.78,178.10,53.45,142.04,0.9900,-1,-1,-1
123,2,526.62,156.27,40.27,106.53,0.9900,-1,-1,-1
123,5,72.51,141.51,35.36,94.12,0.9064,-1,-1,-1
124,1,91.32,177.46,57.01,151.25,0.9290,-1,-1,-1
124,2,532.57,155.73,40.48,105.80,0.9900,-1,-1,-1
124,5,66.46,148.24,36.03,95.65,0.9900,-1,-1,-1
125,1,93.38,178.95,53.18,139.17,0.9900,-1,-1,-1
125,2,534.50,151.43,42.11,110.46,0.9900,-1,-1,-1
125,5,63.70,147.86,34.38,90.57,0.9671,-1,-1,-1
126,1,95.50,180.65,52.85,138.24,0.9622,-1,-1,-1
126,2,538.87,145.21,42.80,114.65,0.9900,-1,-1,-1
126,5,55.54,142.20,37.58,99.70,0.9469,-1,-1,-1
127,1,93.02,183.96,54.20,142.24,0.9900,-1,-1,-1
127,2,542.55,147.69,42.38,111.71,0.9900,-1,-1,-1
127,5,52.22,144.30,37.36,98.62,0.9717,-1,-1,-1
128,1,94.18,186.85,54.03,141.38,0.9900,-1,-1,-1
128,2,546.96,151.55,43.68,114.58,0.9900,-1,-1,-1
128,5,46.55,144.87,37.12,97.40,0.9900,-1,-1,-1
129,1,91.51,178.32,56.95,150.47,0.9900,-1,-1,-1
129,2,552.11,151.88,42.26,111.92,0.9757,-1,-1,-1
129,5,42.14,140.26,38.58,101.48,0.9900,-1,-1,-1
130,1,91.28,186.97,55.56,146.55,0.9673,-1,-1,-1
130,2,556.56,153.93,41.25,108.99,0.9900,-1,-1,-1
130,5,39.12,140.24,38.01,99.25,0.9592,-1,-1,-1
131,1,94.14,188.54,54.40,142.72,0.9900,-1,-1,-1
131,2,561.12,148.14,41.99,111.08,0.9573,-1,-1,-1
131,5,34.66,138.45,38.80,102.55,0.9900,-1,-1,-1
132,1,91.53,184.68,56.44,148.39,0.9900,-1,-1,-1
132,2,563.93,149.60,42.30,111.41,0.9900,-1,-1,-1
132,5,30.57,136.47,38.59,102.71,0.9876,-1,-1,-1
133,1,91.98,185.53,56.57,148.91,0.9706,-1,-1,-1
133,2,566.83,147.54,44.66,117.16,0.9703,-1,-1,-1
134,2,571.79,153.11,42.02,109.19,0.9900,-1,-1,-1
134,5,21.96,138.99,38.63,103.54,0.9727,-1,-1,-1
135,1,92.38,185.00,53.80,141.06,0.9900,-1,-1,-1
135,2,575.90,154.09,42.95,111.40,0.9900,-1,-1,-1
135,5,18.53,139.11,37.88,101.48,0.9900,-1,-1,-1
136,1,91.08,183.37,56.46,147.72,0.9900,-1,-1,-1
136,2,578.61,150.91,43.03,112.27,0.9900,-1,-1,-1
136,5,14.84,142.03,35.95,96.27,0.9900,-1,-1,-1
137,1,93.18,186.25,55.34,145.82,0.9900,-1,-1,-1
137,2,583.40,152.08,42.61,110.60,0.9900,-1,-1,-1
137,5,10.41,144.08,36.53,97.13,0.9382,-1,-1,-1
138,1,89.99,183.13,60.71,159.73,0.9900,-1,-1,-1
138,2,586.41,151.27,43.89,112.62,0.9678,-1,-1,-1
138,5,5.57,141.33,36.74,96.91,0.9900,-1,-1,-1
139,1,90.70,183.74,58.52,153.29,0.9900,-1,-1,-1
139,2,589.92,149.18,43.07,109.75,0.9672,-1,-1,-1
139,5,0.07,136.38,38.89,103.70,0.9537,-1,-1,-1
140,1,90.60,188.95,59.94,156.30,0.9900,-1,-1,-1
140,2,593.72,149.24,43.32,111.05,0.9844,-1,-1,-1
140,5,-2.59,136.81,37.52,101.12,0.9865,-1,-1,-1
141,1,90.94,191.50,57.38,150.36,0.9539,-1,-1,-1
141,2,596.12,151.84,44.16,113.74,0.9900,-1,-1,-1
141,5,-2.03,142.36,34.95,94.03,0.9783,-1,-1,-1
142,1,90.90,192.53,57.05,148.67,0.9036,-1,-1,-1
142,2,598.72,149.55,44.22,115.81,0.9592,-1,-1,-1
142,5,-3.69,139.64,33.92,92.93,0.9031,-1,-1,-1
143,1,93.13,196.97,56.78,149.02,0.9863,-1,-1,-1
143,2,601.11,151.18,43.08,115.08,0.9175,-1,-1,-1
144,1,93.13,193.83,57.16,150.95,0.9900,-1,-1,-1
144,2,604.28,149.13,42.22,116.84,0.8118,-1,-1,-1
144,5,-8.70,140.52,34.86,101.09,0.6780,-1,-1,-1
145,1,90.87,193.85,57.76,151.12,0.9529,-1,-1,-1
145,2,606.64,151.95,41.05,118.21,0.9004,-1,-1,-1
145,5,-9.44,139.95,31.73,97.96,0.5836,-1,-1,-1
146,1,90.84,197.18,57.78,148.67,0.9900,-1,-1,-1
146,2,611.05,155.69,37.39,113.06,0.7214,-1,-1,-1
147,1,89.62,194.48,56.96,146.59,0.9470,-1,-1,-1
147,2,613.18,156.50,35.73,113.78,0.7100,-1,-1,-1
148,1,92.49,193.32,57.64,148.46,0.9900,-1,-1,-1
149,1,89.87,194.25,58.86,151.82,0.9068,-1,-1,-1
150,1,93.19,197.77,56.91,146.36,0.9875,-1,-1,-1
