1,1,104.86,121.72,29.58,77.93,0.9661,-1,-1,-1
1,2,40.49,147.42,39.11,102.88,0.9900,-1,-1,-1
1,3,579.45,149.03,38.67,102.63,0.9900,-1,-1,-1
1,4,302.90,165.12,49.53,129.46,0.9736,-1,-1,-1
2,1,105.56,118.72,30.67,80.69,0.9900,-1,-1,-1
2,2,40.78,142.03,40.40,106.26,0.9900,-1,-1,-1
2,3,576.88,151.17,38.76,102.79,0.9481,-1,-1,-1
2,4,306.94,174.27,47.96,125.16,0.9900,-1,-1,-1
3,1,105.53,118.84,29.86,78.43,0.9694,-1,-1,-1
3,2,46.37,147.48,37.70,98.80,0.9777,-1,-1,-1
3,3,572.38,148.47,37.68,100.08,0.9900,-1,-1,-1
3,4,307.03,164.80,53.54,140.26,0.9429,-1,-1,-1
4,1,104.04,120.42,31.14,81.92,0.9660,-1,-1,-1
4,2,53.81,151.76,35.32,92.16,0.9900,-1,-1,-1
4,3,569.84,149.13,35.74,94.26,0.9900,-1,-1,-1
4,4,315.01,172.95,48.29,125.70,0.9618,-1,-1,-1
5,1,103.31,122.64,31.96,84.13,0.9900,-1,-1,-1
5,2,58.98,148.24,37.05,96.75,0.8967,-1,-1,-1
5,3,564.31,143.24,41.30,109.20,0.9900,-1,-1,-1
5,4,318.26,168.34,49.23,128.95,0.9493,-1,-1,-1
6,1,102.98,119.82,32.39,85.87,0.9900,-1,-1,-1
6,3,558.70,143.59,42.48,112.60,0.9900,-1,-1,-1
6,4,320.94,165.24,51.90,136.10,0.9481,-1,-1,-1
7,1,104.96,122.22,30.96,81.85,0.9900,-1,-1,-1
7,2,63.07,146.23,39.66,103.21,0.9900,-1,-1,-1
7,4,322.69,169.39,49.60,129.69,0.9690,-1,-1,-1
8,1,103.51,123.38,31.67,84.42,0.9900,-1,-1,-1
8,2,67.94,147.06,38.22,99.15,0.9900,-1,-1,-1
8,3,550.35,144.89,41.36,109.49,0.9900,-1,-1,-1
8,4,325.34,169.28,48.90,127.43,0.9900,-1,-1,-1
9,1,104.02,125.96,29.77,78.33,0.9375,-1,-1,-1
9,2,71.68,143.85,39.73,103.34,0.9729,-1,-1,-1
9,3,549.05,149.45,39.01,102.55,0.9900,-1,-1,-1
9,4,328.68,174.34,47.51,123.46,0.9900,-1,-1,-1
10,1,105.28,129.02,30.22,77.78,0.8410,-1,-1,-1
10,2,74.60,140.57,42.56,111.62,0.9607,-1,-1,-1
10,3,543.53,147.09,39.60,103.59,0.9900,-1,-1,-1
10,4,331.98,172.16,50.87,132.55,0.9900,-1,-1,-1
11,1,104.61,126.03,32.56,83.64,0.9144,-1,-1,-1
11,2,77.70,145.69,42.59,112.20,0.9900,-1,-1,-1
11,3,540.64,148.65,38.23,99.66,0.9900,-1,-1,-1
11,4,334.77,166.36,50.50,132.59,0.9878,-1,-1,-1
12,1,103.30,125.77,34.36,88.60,0.7413,-1,-1,-1
12,2,83.43,148.03,40.43,104.57,0.9900,-1,-1,-1
12,3,535.58,146.65,37.79,97.98,0.9005,-1,-1,-1
12,4,337.95,172.38,50.42,133.24,0.9612,-1,-1,-1
13,1,103.51,127.60,34.49,89.12,0.6763,-1,-1,-1
13,2,86.20,146.61,41.90,108.55,0.9592,-1,-1,-1
13,3,529.46,147.58,39.00,101.45,0.9309,-1,-1,-1
13,4,339.23,169.74,53.04,140.39,0.9627,-1,-1,-1
14,1,103.72,125.40,34.68,89.91,0.6505,-1,-1,-1
14,2,90.55,143.22,41.76,108.48,0.9900,-1,-1,-1
14,3,527.03,150.34,37.73,96.96,0.9862,-1,-1,-1
14,4,342.63,171.23,50.52,133.82,0.9900,-1,-1,-1
15,2,94.28,144.86,40.98,106.61,0.9900,-1,-1,-1
15,3,522.08,149.32,39.27,100.80,0.9900,-1,-1,-1
15,4,346.35,165.79,49.74,133.05,0.9471,-1,-1,-1
16,2,101.36,150.87,38.06,97.70,0.9900,-1,-1,-1
16,3,514.91,146.01,41.74,107.49,0.9889,-1,-1,-1
16,4,349.53,168.41,50.11,134.45,0.9900,-1,-1,-1
17,1,103.71,127.31,34.61,91.14,0.6597,-1,-1,-1
17,2,105.07,147.79,40.53,104.93,0.9900,-1,-1,-1
17,3,511.03,147.10,41.97,108.85,0.9858,-1,-1,-1
17,4,352.03,167.11,51.07,137.60,0.9900,-1,-1,-1
18,1,104.14,127.54,34.61,90.44,0.6750,-1,-1,-1
18,2,107.66,147.79,41.43,107.54,0.9788,-1,-1,-1
18,3,508.37,145.76,41.23,106.78,0.9900,-1,-1,-1
18,4,356.36,170.80,49.13,132.98,0.9900,-1,-1,-1
19,1,101.40,123.51,35.93,96.17,0.6334,-1,-1,-1
19,2,113.10,150.58,38.63,99.51,0.9597,-1,-1,-1
19,3,504.00,139.77,41.31,107.36,0.9897,-1,-1,-1
19,4,359.72,168.47,49.67,132.65,0.9900,-1,-1,-1
20,1,101.98,123.64,35.90,96.06,0.8073,-1,-1,-1
20,2,114.26,144.60,40.13,104.71,0.9900,-1,-1,-1
20,3,501.70,138.52,41.21,108.01,0.9900,-1,-1,-1
20,4,359.54,163.90,49.96,133.93,0.9619,-1,-1,-1
21,1,101.79,127.99,35.31,94.20,0.8272,-1,-1,-1
21,2,118.96,144.52,41.81,110.00,0.9900,-1,-1,-1
21,3,495.52,144.42,41.12,107.45,0.9900,-1,-1,-1
21,4,363.57,169.10,51.96,139.49,0.9900,-1,-1,-1
22,1,103.25,132.44,33.82,88.72,0.8807,-1,-1,-1
22,2,124.78,150.33,38.80,101.62,0.9900,-1,-1,-1
22,3,491.25,142.08,43.17,113.81,0.9900,-1,-1,-1
22,4,368.05,166.25,51.68,139.25,0.9504,-1,-1,-1
23,1,102.45,134.87,34.03,89.50,0.9404,-1,-1,-1
23,2,127.73,148.27,39.73,103.63,0.9900,-1,-1,-1
23,3,487.72,144.31,40.28,106.87,0.9900,-1,-1,-1
23,4,372.83,167.62,48.88,131.22,0.9493,-1,-1,-1
24,1,102.13,131.36,35.81,94.62,0.9727,-1,-1,-1
24,2,131.30,146.35,40.11,105.24,0.9533,-1,-1,-1
24,3,483.13,143.95,40.84,107.57,0.9127,-1,-1,-1
24,4,373.55,163.76,50.11,137.02,0.9900,-1,-1,-1
25,1,102.42,131.91,35.49,92.62,0.9660,-1,-1,-1
25,2,135.80,147.60,39.05,101.29,0.9900,-1,-1,-1
25,3,478.47,143.87,39.45,102.89,0.9773,-1,-1,-1
25,4,377.09,167.17,48.72,131.75,0.9768,-1,-1,-1
26,1,102.31,131.25,36.01,95.07,0.9900,-1,-1,-1
26,2,138.39,145.94,40.99,106.02,0.9478,-1,-1,-1
26,3,473.40,145.54,41.42,108.82,0.9785,-1,-1,-1
26,4,381.55,168.57,48.77,131.91,0.8864,-1,-1,-1
27,1,102.50,135.51,34.89,91.73,0.9523,-1,-1,-1
27,2,142.15,143.74,42.10,109.59,0.9900,-1,-1,-1
27,3,471.25,146.46,39.83,104.34,0.9900,-1,-1,-1
27,4,381.70,169.82,46.44,126.04,0.8840,-1,-1,-1
28,1,102.25,132.22,35.64,93.50,0.9434,-1,-1,-1
28,2,146.19,145.11,43.11,112.53,0.9822,-1,-1,-1
28,3,465.99,144.15,41.13,108.50,0.9653,-1,-1,-1
28,4,381.23,164.43,47.38,132.63,0.8929,-1,-1,-1
29,1,102.37,132.64,36.44,94.76,0.9694,-1,-1,-1
29,2,152.40,147.55,40.48,105.06,0.9489,-1,-1,-1
29,3,462.92,142.84,40.32,106.16,0.9254,-1,-1,-1
29,4,384.06,166.38,44.43,128.79,0.8098,-1,-1,-1
30,1,101.73,131.30,37.53,97.36,0.9883,-1,-1,-1
30,2,155.38,150.76,39.77,103.22,0.9900,-1,-1,-1
30,3,461.71,136.29,42.14,114.55,0.9274,-1,-1,-1
30,4,384.43,166.66,44.43,133.17,0.8104,-1,-1,-1
31,1,100.93,134.86,36.36,94.28,0.9900,-1,-1,-1
31,2,160.27,150.19,38.01,97.63,0.9900,-1,-1,-1
31,3,462.26,140.29,38.30,107.74,0.7998,-1,-1,-1
31,4,387.85,173.53,39.86,123.55,0.6972,-1,-1,-1
32,1,100.00,136.26,36.92,96.52,0.9900,-1,-1,-1
32,2,162.68,144.50,40.47,103.60,0.9900,-1,-1,-1
32,3,460.28,144.00,36.45,106.70,0.8171,-1,-1,-1
33,1,101.76,134.12,37.27,97.63,0.9900,-1,-1,-1
33,2,166.85,144.17,41.94,107.57,0.9646,-1,-1,-1
34,1,99.86,133.37,38.26,101.37,0.9394,-1,-1,-1
34,2,170.89,148.58,40.56,104.25,0.9900,-1,-1,-1
34,4,393.58,176.22,36.28,119.74,0.5947,-1,-1,-1
35,1,100.92,133.91,39.06,104.14,0.9900,-1,-1,-1
35,2,173.91,148.56,42.19,108.94,0.9900,-1,-1,-1
35,4,396.67,179.72,34.35,121.98,0.5420,-1,-1,-1
36,1,99.80,137.96,38.57,102.06,0.9429,-1,-1,-1
36,2,179.44,151.53,39.03,100.60,0.9621,-1,-1,-1
37,1,101.74,136.43,37.98,100.59,0.9504,-1,-1,-1
37,2,181.99,147.55,41.82,108.63,0.9900,-1,-1,-1
38,1,99.90,136.10,38.77,101.58,0.9647,-1,-1,-1
38,2,185.49,145.86,41.49,108.56,0.9524,-1,-1,-1
39,1,100.26,138.07,38.78,101.66,0.9900,-1,-1,-1
39,2,190.52,145.85,39.54,103.06,0.9900,-1,-1,-1
40,1,100.43,138.47,38.81,101.72,0.9900,-1,-1,-1
40,2,195.33,148.42,40.92,106.00,0.9494,-1,-1,-1
41,1,100.90,139.15,38.45,99.61,0.9900,-1,-1,-1
41,2,199.65,145.70,41.37,107.06,0.9900,-1,-1,-1
42,1,99.75,141.32,38.64,100.31,0.9900,-1,-1,-1
42,2,202.88,148.25,41.57,107.56,0.9835,-1,-1,-1
43,1,99.98,140.16,38.37,99.80,0.9900,-1,-1,-1
43,2,207.22,151.84,40.89,105.96,0.9900,-1,-1,-1
43,4,399.20,148.73,27.80,105.52,0.7594,-1,-1,-1
44,1,100.19,139.93,38.14,98.37,0.9405,-1,-1,-1
44,2,212.39,146.46,42.12,109.46,0.9801,-1,-1,-1
44,4,396.49,144.44,27.10,105.31,0.7015,-1,-1,-1
45,1,100.21,142.50,39.24,100.64,0.9900,-1,-1,-1
45,2,215.50,145.11,42.26,109.38,0.9567,-1,-1,-1
45,4,395.18,147.27,26.36,103.63,0.8267,-1,-1,-1
45,5,469.92,177.23,15.08,128.78,0.5664,-1,-1,-1
46,1,100.07,143.94,39.75,102.75,0.9493,-1,-1,-1
46,2,220.47,143.29,40.64,105.23,0.9900,-1,-1,-1
46,4,393.24,147.13,25.49,98.47,0.9192,-1,-1,-1
46,5,471.82,171.43,15.89,134.46,0.6815,-1,-1,-1
47,1,102.07,144.88,39.85,102.33,0.9900,-1,-1,-1
47,2,225.84,147.67,39.19,100.32,0.9900,-1,-1,-1
47,4,391.59,141.78,27.91,100.85,0.9900,-1,-1,-1
47,5,473.85,170.20,14.24,117.78,0.7743,-1,-1,-1
48,1,99.31,138.64,42.80,110.82,0.9900,-1,-1,-1
48,2,228.81,145.88,40.67,104.68,0.9795,-1,-1,-1
48,4,389.04,146.02,29.28,100.78,0.9819,-1,-1,-1
48,5,474.04,163.26,16.07,130.15,0.7520,-1,-1,-1
49,1,99.75,142.59,41.77,109.77,0.9900,-1,-1,-1
49,2,233.62,150.74,39.43,100.80,0.9900,-1,-1,-1
49,4,383.19,143.57,31.83,106.01,0.9724,-1,-1,-1
49,5,476.78,174.64,15.86,121.93,0.8026,-1,-1,-1
50,1,99.45,142.34,39.80,103.37,0.9873,-1,-1,-1
50,2,236.87,147.60,40.39,104.11,0.9783,-1,-1,-1
50,4,379.31,141.55,32.42,105.35,0.9900,-1,-1,-1
50,5,477.52,174.71,16.89,122.12,0.8407,-1,-1,-1
51,1,100.15,146.84,38.40,98.90,0.9446,-1,-1,-1
51,2,239.52,143.65,42.21,109.83,0.8990,-1,-1,-1
51,4,374.44,143.53,33.03,103.74,0.9900,-1,-1,-1
51,5,475.96,165.31,19.88,138.11,0.8009,-1,-1,-1
52,1,101.10,146.28,39.66,101.63,0.9489,-1,-1,-1
52,2,242.69,145.42,41.81,108.12,0.9545,-1,-1,-1
52,4,369.14,139.42,33.45,103.20,0.9900,-1,-1,-1
52,5,472.93,170.86,21.47,131.20,0.9139,-1,-1,-1
53,1,101.42,148.84,38.88,99.04,0.9900,-1,-1,-1
53,2,245.76,142.44,43.24,112.42,0.9721,-1,-1,-1
53,5,475.22,163.75,23.94,131.12,0.9292,-1,-1,-1
54,1,101.68,150.44,39.41,100.02,0.9240,-1,-1,-1
54,2,249.38,142.28,44.18,116.61,0.9804,-1,-1,-1
54,4,361.87,142.50,32.65,97.81,0.8949,-1,-1,-1
54,5,476.35,169.76,25.14,126.46,0.9628,-1,-1,-1
55,1,100.22,150.60,40.46,103.12,0.9582,-1,-1,-1
55,2,254.91,140.63,43.61,115.92,0.9900,-1,-1,-1
55,4,356.43,144.08,35.47,103.14,0.9441,-1,-1,-1
56,1,98.20,147.42,43.20,110.34,0.9900,-1,-1,-1
56,2,259.53,145.87,41.65,109.91,0.9764,-1,-1,-1
56,4,351.18,142.44,35.69,104.17,0.9900,-1,-1,-1
56,5,478.72,170.22,28.56,134.48,0.9900,-1,-1,-1
57,1,98.57,150.34,41.74,106.26,0.9774,-1,-1,-1
57,2,263.59,146.16,41.55,108.82,0.9900,-1,-1,-1
57,4,347.74,142.76,35.34,102.04,0.9549,-1,-1,-1
57,5,481.89,170.45,30.41,132.66,0.9900,-1,-1,-1
58,1,98.81,153.15,41.23,103.62,0.9900,-1,-1,-1
58,2,267.07,147.66,40.90,107.66,0.9820,-1,-1,-1
58,4,342.12,144.16,35.54,101.71,0.9900,-1,-1,-1
58,5,486.84,171.25,32.01,132.85,0.9495,-1,-1,-1
59,1,97.11,145.61,41.33,103.97,0.9693,-1,-1,-1
59,2,272.14,154.04,39.83,103.91,0.9900,-1,-1,-1
59,4,338.22,143.41,36.47,102.75,0.9900,-1,-1,-1
59,5,487.08,167.32,33.15,132.24,0.9698,-1,-1,-1
60,1,97.07,145.85,43.18,109.44,0.9795,-1,-1,-1
60,2,275.55,149.21,40.71,106.54,0.9814,-1,-1,-1
60,4,335.56,145.65,35.34,98.22,0.9716,-1,-1,-1
60,5,487.28,166.71,35.86,136.87,0.9713,-1,-1,-1
61,1,98.12,147.86,43.97,113.55,0.9774,-1,-1,-1
61,2,280.28,147.69,38.46,99.90,0.9900,-1,-1,-1
61,4,330.57,145.01,36.38,100.95,0.9819,-1,-1,-1
61,5,490.20,165.26,36.44,135.21,0.9900,-1,-1,-1
62,1,98.63,150.97,43.17,111.69,0.9806,-1,-1,-1
62,2,283.51,146.21,40.70,107.40,0.9854,-1,-1,-1
62,4,325.52,143.57,37.31,102.24,0.9889,-1,-1,-1
62,5,493.29,169.01,37.32,133.88,0.9900,-1,-1,-1
63,1,98.21,153.20,43.18,111.78,0.9900,-1,-1,-1
63,2,288.01,150.68,38.51,100.39,0.9115,-1,-1,-1
63,4,320.00,145.28,38.10,103.91,0.8879,-1,-1,-1
63,5,495.43,171.78,38.32,132.14,0.9900,-1,-1,-1
64,1,100.01,153.47,42.10,107.83,0.9586,-1,-1,-1
64,2,291.30,151.39,40.43,104.92,0.9611,-1,-1,-1
64,5,499.79,170.83,39.73,133.44,0.9531,-1,-1,-1
65,1,99.42,158.70,41.85,107.51,0.9900,-1,-1,-1
65,2,295.06,152.87,39.78,102.37,0.9534,-1,-1,-1
65,4,317.27,140.48,37.97,106.48,0.6537,-1,-1,-1
65,5,503.35,167.41,39.91,129.34,0.9748,-1,-1,-1
66,1,98.25,154.69,41.73,107.57,0.9900,-1,-1,-1
66,2,300.11,147.51,41.51,106.74,0.9456,-1,-1,-1
66,4,310.74,142.91,38.30,106.29,0.5660,-1,-1,-1
66,5,504.82,170.15,39.32,124.27,0.9900,-1,-1,-1
67,1,97.91,152.93,44.55,115.10,0.9900,-1,-1,-1
67,2,303.53,151.65,40.63,103.92,0.9900,-1,-1,-1
67,5,508.24,173.61,39.84,122.63,0.9690,-1,-1,-1
68,1,96.84,150.93,45.82,119.08,0.9768,-1,-1,-1
68,2,306.94,156.98,40.54,102.92,0.9900,-1,-1,-1
68,4,300.36,138.67,39.75,109.85,0.6369,-1,-1,-1
68,5,510.46,167.50,41.96,127.97,0.9900,-1,-1,-1
69,1,97.75,152.53,43.24,112.81,0.9602,-1,-1,-1
69,2,309.61,147.42,45.58,117.45,0.9900,-1,-1,-1
69,4,293.33,136.97,38.81,109.73,0.7418,-1,-1,-1
69,5,514.39,172.91,40.56,119.29,0.9900,-1,-1,-1
70,1,99.71,158.18,42.10,110.02,0.9900,-1,-1,-1
70,2,314.24,144.62,45.53,117.82,0.9900,-1,-1,-1
70,4,289.74,139.52,39.28,111.81,0.9215,-1,-1,-1
70,5,517.01,171.24,42.12,121.33,0.9900,-1,-1,-1
71,1,99.20,156.78,42.83,112.17,0.9778,-1,-1,-1
71,2,318.32,145.23,44.98,117.35,0.9802,-1,-1,-1
71,4,285.66,138.80,39.35,112.51,0.9900,-1,-1,-1
71,5,517.53,168.51,44.63,127.44,0.9900,-1,-1,-1
72,1,96.16,157.95,44.46,116.45,0.9381,-1,-1,-1
72,2,320.03,141.05,45.81,121.13,0.9900,-1,-1,-1
72,4,281.01,138.44,38.70,112.33,0.9900,-1,-1,-1
72,5,518.36,162.41,48.58,138.69,0.9900,-1,-1,-1
73,1,97.45,158.42,42.77,110.71,0.9900,-1,-1,-1
73,2,326.66,144.99,41.64,109.03,0.9900,-1,-1,-1
73,4,278.38,142.00,36.83,106.99,0.9900,-1,-1,-1
73,5,520.60,166.18,46.82,132.41,0.9900,-1,-1,-1
74,1,99.04,158.18,44.79,115.55,0.9900,-1,-1,-1
74,2,330.06,144.45,42.93,113.68,0.9900,-1,-1,-1
74,4,274.67,143.10,36.25,102.94,0.9900,-1,-1,-1
74,5,524.99,169.09,48.19,135.32,0.9764,-1,-1,-1
75,1,100.16,162.79,42.55,109.73,0.9760,-1,-1,-1
75,2,335.07,146.21,42.90,114.23,0.9900,-1,-1,-1
75,4,272.18,143.79,34.58,96.99,0.9900,-1,-1,-1
75,5,529.80,174.90,44.97,124.55,0.9585,-1,-1,-1
76,1,100.10,157.99,44.69,115.25,0.9900,-1,-1,-1
76,2,340.48,151.22,39.26,103.65,0.9178,-1,-1,-1
76,4,268.04,145.12,34.40,95.30,0.9571,-1,-1,-1
76,5,532.91,175.64,44.28,120.80,0.9840,-1,-1,-1
77,1,98.05,159.98,44.60,113.86,0.9673,-1,-1,-1
77,2,342.99,152.39,40.02,105.28,0.9900,-1,-1,-1
77,4,262.94,141.38,35.09,95.95,0.9734,-1,-1,-1
77,5,533.88,171.63,47.11,128.03,0.9900,-1,-1,-1
78,1,98.02,162.22,43.91,112.72,0.9844,-1,-1,-1
78,2,348.01,151.44,39.50,102.71,0.9900,-1,-1,-1
78,4,257.79,144.75,37.04,100.83,0.9900,-1,-1,-1
78,5,538.43,173.59,46.00,124.66,0.9334,-1,-1,-1
79,1,98.33,156.36,45.48,116.47,0.9900,-1,-1,-1
79,2,350.09,145.51,42.44,111.83,0.9900,-1,-1,-1
79,4,253.32,141.40,38.06,103.29,0.9900,-1,-1,-1
79,5,541.79,170.16,47.52,128.09,0.9784,-1,-1,-1
80,2,354.30,145.71,42.52,111.00,0.9307,-1,-1,-1
80,4,250.11,143.46,35.67,96.01,0.9831,-1,-1,-1
80,5,541.54,164.13,49.94,134.76,0.9900,-1,-1,-1
81,1,95.27,156.01,49.70,129.24,0.9829,-1,-1,-1
81,2,357.54,146.00,43.77,114.05,0.9900,-1,-1,-1
81,4,245.10,142.23,38.35,102.49,0.9900,-1,-1,-1
81,5,544.63,169.11,47.58,127.25,0.9273,-1,-1,-1
82,1,97.45,160.40,47.59,124.29,0.9900,-1,-1,-1
82,2,362.80,146.89,41.80,108.45,0.9641,-1,-1,-1
82,5,546.23,160.91,50.89,136.69,0.9821,-1,-1,-1
83,1,98.16,167.02,45.82,118.09,0.9613,-1,-1,-1
83,2,366.37,147.83,41.69,108.64,0.9900,-1,-1,-1
83,4,236.81,138.58,38.65,103.72,0.9900,-1,-1,-1
83,5,549.36,166.43,48.71,130.25,0.9813,-1,-1,-1
84,1,96.29,164.86,47.07,120.84,0.9776,-1,-1,-1
84,2,370.54,145.25,43.93,115.21,0.9900,-1,-1,-1
84,4,230.41,140.88,39.23,105.81,0.9247,-1,-1,-1
84,5,552.43,161.06,52.41,141.19,0.9900,-1,-1,-1
85,1,95.85,168.24,45.17,115.38,0.9846,-1,-1,-1
85,2,375.27,147.85,41.14,107.80,0.9900,-1,-1,-1
85,4,226.98,140.38,38.48,103.10,0.9900,-1,-1,-1
85,5,557.34,165.86,50.30,134.40,0.9900,-1,-1,-1
86,1,97.42,169.07,44.45,111.87,0.9900,-1,-1,-1
86,2,379.27,148.40,39.95,104.67,0.9900,-1,-1,-1
86,4,223.54,141.79,39.51,105.50,0.9900,-1,-1,-1
86,5,560.50,168.11,49.06,130.41,0.9900,-1,-1,-1
87,1,96.64,165.78,46.90,117.72,0.9900,-1,-1,-1
87,2,383.61,144.16,41.65,109.43,0.9900,-1,-1,-1
87,4,220.16,148.69,36.40,95.82,0.9900,-1,-1,-1
87,5,564.93,171.63,48.06,126.83,0.9900,-1,-1,-1
88,1,96.51,163.90,47.51,120.02,0.9900,-1,-1,-1
88,2,387.37,144.39,44.38,117.13,0.9003,-1,-1,-1
88,4,214.16,140.39,40.01,106.25,0.9900,-1,-1,-1
88,5,568.01,175.70,50.71,134.45,0.9900,-1,-1,-1
89,1,97.27,165.73,47.41,119.24,0.9900,-1,-1,-1
89,2,387.87,151.15,41.47,112.38,0.9063,-1,-1,-1
89,4,210.06,142.41,39.29,103.78,0.9900,-1,-1,-1
89,5,571.06,170.65,50.71,135.10,0.9900,-1,-1,-1
90,1,95.33,164.18,47.83,120.85,0.9900,-1,-1,-1
90,2,390.11,155.53,38.33,107.53,0.8187,-1,-1,-1
90,4,207.64,140.40,38.87,102.87,0.9757,-1,-1,-1
90,5,573.01,165.44,51.02,136.61,0.9900,-1,-1,-1
91,1,96.72,165.93,47.94,120.50,0.9900,-1,-1,-1
91,2,391.51,152.22,37.53,109.48,0.7764,-1,-1,-1
91,4,201.64,134.27,40.19,106.62,0.9900,-1,-1,-1
91,5,575.73,170.86,50.04,133.52,0.9728,-1,-1,-1
92,1,96.34,167.95,47.84,118.95,0.9900,-1,-1,-1
92,2,394.56,153.49,35.44,108.88,0.7484,-1,-1,-1
92,4,198.48,138.92,40.10,107.37,0.9254,-1,-1,-1
92,5,578.99,169.51,49.73,133.49,0.9900,-1,-1,-1
93,1,95.46,169.42,49.31,123.74,0.9459,-1,-1,-1
93,2,398.21,156.00,32.30,105.43,0.6266,-1,-1,-1
93,4,194.35,140.93,37.35,99.23,0.9900,-1,-1,-1
93,5,580.35,167.62,50.13,134.97,0.9605,-1,-1,-1
94,1,96.11,169.70,49.02,123.11,0.9900,-1,-1,-1
94,4,190.00,135.60,40.36,107.69,0.9900,-1,-1,-1
94,5,585.26,165.73,47.86,126.29,0.9900,-1,-1,-1
95,1,94.51,167.00,50.61,127.89,0.9881,-1,-1,-1
95,4,185.62,141.48,38.18,99.85,0.9900,-1,-1,-1
95,5,586.15,171.69,49.39,130.00,0.9900,-1,-1,-1
96,1,95.57,166.40,51.05,130.24,0.9811,-1,-1,-1
96,4,181.19,140.10,38.82,102.83,0.8954,-1,-1,-1
96,5,589.62,169.99,49.76,132.72,0.9847,-1,-1,-1
97,1,94.47,169.77,49.66,127.26,0.9592,-1,-1,-1
97,4,177.07,138.53,40.31,107.64,0.9291,-1,-1,-1
97,5,591.36,171.62,49.12,131.31,0.9900,-1,-1,-1
98,1,94.20,167.44,49.79,126.78,0.9900,-1,-1,-1
98,4,173.81,140.99,38.42,103.32,0.9746,-1,-1,-1
98,5,594.77,172.97,47.02,126.94,0.9480,-1,-1,-1
99,1,94.70,176.09,49.16,125.02,0.9900,-1,-1,-1
99,4,170.63,142.93,35.71,95.46,0.9829,-1,-1,-1
99,5,596.07,165.51,46.97,128.82,0.9489,-1,-1,-1
100,1,95.72,173.52,48.76,123.57,0.9900,-1,-1,-1
100,4,165.55,141.34,36.74,98.29,0.9900,-1,-1,-1
100,5,598.78,175.45,44.19,122.85,0.9166,-1,-1,-1
